3431
3612
3523
3571
3688
3519
3543
3615
3529
3514
3458
3585
3542
3638
3635
3600
3606
3471
3496
3661
3579
3554
3632
3603
3673
3542
3639
3444
3546
3607
3491
3538
3536
3452
3717
3563
3525
3518
3535
3587
3510
3555
3610
3661
3615
3551
3647
3712
3594
3500
4438
4257
4270
4249
4377
4383
4423
4340
4283
4296
4304
4388
4314
4277
4277
4289
4213
4291
4238
4343
4386
4389
4247
4375
4276
4272
4212
4309
4172
4226
4205
4340
4327
4430
4326
4378
4239
4320
4339
4446
4406
4290
4307
4127
4427
4250
4321
4433
4337
4301
